[
    {
        "glyph": "0322,0506,0506,0500,0500,0500,0500,0500,0500,0500,0500,0500,0500,0506,0500,0500,0500,0500,0500,0500,0500,0500,0500,0507,0500,0504,0503,0503,0505,0503,0503,0501,0501,0501,0507,0501,0501,0501,0501,0507,0501,0501,0501,0501,0501,0507,0501,0501,0501,0501,0507,0501,0501,0501,0501,0507,0501,0501,0501,0501,0501,0507,0500,0500,0507,0500,0500,0500,0507,0500,0500,0500,0506,0500,0500,0500,0500,0500,0500,0506,0500,0500,0500,0500,0506,0500,0500,0500,0500,0500,0500,0500,0507,0500,0503,0505,0503,0501,0507,0501,0501,0507,0501,0501,0501,0507,0501,0501,0507,0501,0501,0501,0507,0501,0501,0501,0507,0501,0501,0507,0501,0501,0501,0507,0501,0500,0500,0500,0507,0500,0507,0500,0507,0500,0500,0506,0500,0500,0506,0500,0500,0506,0500,0502,0502,0502,0507,0507,0507,0507,0503,0503,0503,0503,0503,0504,0504,0504,0504,0504,0500,0502,0502,0502,0502,0506,0502,0500,0506,0500,0506,0500,0502,0502,0505,0502,0505,0502,0501,0507,0501,0503,0503,0505,0503,0504,0503,0506,0506,0506,0506,0506,0506,0506,0506,0506,0506,0506,0504,0502,0502,0506,0506,0506,0506,0506,0506,0506,0506,0506,0506,0502,0502,0502,0502,0502,0506,0502,0500,0506,0500,0502,0504,0502,0502,0505,0502,0502,0505,0502,0501,0501,0507,0501,0503,0505,0503,0503,0503,0504,0503,0507,0500,0506,0506,0506,0506,0506,0504,0506,0506,0506,0502,0502,0505,0505,0505,0505,0505,0505,0506,0503,0503,0503,0503,0503,0503,0503,0503,0503,0503,0503,0503,0503,0503,0503,0503,0503,0503,0503,0505,0506,0506,0506,0506,0501,0507,0501,0507,0501,0501,0507,0501,0507,0501,0501,0507,0501,0507,0501,0506,0506,0506,0506,0506,0506,0506,0506,0506,0500,0500,0506,0500,0500,0506,0500,0506,0500,0500,0500,0505,0505,0505,0505,0505,0507,0507,0507,0505,0505,0507,0501,0501,0501,0502,0502,0502,0502,0505,0502,0502,0505,0502,0505,0502,0505,0502,0501,0501,0506,0501,0501,0501,0507,0501,0507,0501,0507,0501,0503,0503,0505,0503,0503,0503,0503,0504,0503,0503,0503,0504,0503,0504,0503,0500,0500,0507,0500,0500,0507,0500,0507,0500,0507,0500,0507,0500,0500,0506,0506,0501,0502,0502,0502,0502,0504,0502,0504,0502,0505,0505,0507,0501,0502,0502,0502,0505,0502,0502,0505,0502,0505,0502,0505,0505,0505,0501,0501,0503,0501,0507,0504,0504,0504,0500,0507,0500,0503,0501,0501,0502,0505,0505,0505,0505,0507,0507,0501,0507,0501,0503,0503,0505,0503,0505,0503,0505,0503,0503,0503,0503,0503,0505,0503,0503,0503,0503,0503,0503,0503,0503,0504,0503,0503,0504,0503,0503,0504,0503,0507,0500,0503,0507,0500,0500,0507,0500,0507,0500,0507,0500,0500,0500,0507,0500,0500,0507,0500,0500,0500,0500,0506,0500,0500,0506,0506,0506,0506,0506,0506,0506,0506,0506,0506,0506,0505,0506,0506,0506,0506,0506,0506,0506,",
        "image": {
            "src": "uploadimages/image1.PNG",
            "w": 1.086762075134168,
            "angle": 0,
            "x": -0.1252236135957066,
            "y": -0.15652951699463324
        }
    },
    {
        "glyph": "0337,0333,0341,0326,0336,0332,0330,0332,0330,0334,0306,0362,0203,0335,0335,0203,0335,0335,0203,0363,",
        "image": {
            "src": "https://i.imgur.com/u42Ua4d.jpg",
            "w": 1.0034246575342465,
            "angle": 0,
            "x": 0.03424657534246575,
            "y": -0.3356164383561644
        }
    },
    {
        "glyph": "0326,0200,0336,0343,",
        "image": {
            "src": "https://i.imgur.com/JgWqwxU.jpg",
            "w": 1.4075342465753424,
            "angle": 0,
            "x": 0.1404109589041096,
            "y": -1.1267123287671232
        }
    },
    {
        "glyph": "0321,0336,0330,0332,0332,0332,0330,0330,0341,0333,0341,0333,0341,0333,0341,0333,0341,0333,0341,0333,",
        "image": {
            "src": "https://i.imgur.com/JgWqwxU.jpg",
            "w": 1.4075342465753424,
            "angle": 0,
            "x": -0.11986301369863013,
            "y": -0.8458904109589042
        }
    }
]