[
  {
    "glyph": "0275,0322,0330,0330,0336,0336,0231,",
    "image": {
      "src": "https://i.imgur.com/5VaiyzU.jpg",
      "w": 1,
      "angle": 0,
      "x": 0.24480712166172106,
      "y": -1.0489614243323442
    }
  },
  {
    "glyph": "0341,0342,0335,0342,0335,0342,0335,0342,0335,",
    "image": {
      "src": "uploadimages/image3.PNG",
      "w": 1.8338278931750742,
      "angle": 0,
      "x": -0.6884272997032641,
      "y": -0.5459940652818991
    }
  },
  {
    "glyph": "0210,0337,0331,0336,0331,0337,0211,0211,0211,0306,0257,0335,0257,0335,0335,0257,0335,0257,0335,0257,0335,0257,0335,0335,0257,0331,0334,0257,0335,0257,0336,0336,0336,0322,0336,0347,0335,0337,0337,0337,0337,0330,0326,0336,0336,0336,0336,0347,0337,0337,0337,0337,0335,0322,0330,0336,0336,0336,0336,0347,0335,0337,0337,0337,0330,0326,0330,0336,0336,0336,0347,0335,0337,0337,0337,0337,0330,0322,0336,0336,0336,0336,0347,0337,0337,0337,0337,0326,0333,0336,0336,0336,0336,0347,0337,0337,0337,0337,0331,0325,0336,0336,0336,0336,0347,0337,0337,0337,0337,0320,0332,0336,0336,0332,0332,0335,0335,0335,0362,0337,0203,0203,0203,0334,0203,0203,0203,0334,0203,0203,0203,0334,0203,0203,0203,0334,0203,0203,0203,0334,0203,0203,0203,0354,",
    "image": {
      "src": "",
      "w": 1,
      "angle": 0,
      "x": 0,
      "y": 0
    }
  },
  {
    "glyph": "0221,",
    "image": {
      "src": "",
      "w": 1,
      "angle": 0,
      "x": 0,
      "y": 0
    }
  },
  {
    "glyph": "0220,",
    "image": {
      "src": "",
      "w": 1,
      "angle": 0,
      "x": 0,
      "y": 0
    }
  },
  {
    "glyph": "0275,0322,0330,0330,0336,0336,0231,",
    "image": {
      "src": "https://i.imgur.com/5VaiyzU.jpg",
      "w": 1,
      "angle": 0,
      "x": 0.24480712166172106,
      "y": -1.0489614243323442
    }
  },
  {
    "glyph": "0504,0504,0506,0506,0506,0506,0506,0506,0504,0504,0504,0504,0506,0506,0506,01167,01167,01167,0505,0505,0505,0505,0505,0505,0505,0506,0506,0506,0506,0506,0506,0506,0506,0506,0506,0506,0506,0506,0506,0506,0506,0506,0506,0506,0506,0506,0506,0506,0506,0505,0505,0506,0506,0506,01056,01165,01163,01062,01071,0505,0505,0505,0505,0505,0505,0505,0505,0505,0506,0506,0506,0506,0506,0506,0506,0506,0506,0506,0506,0506,0506,0506,0506,0506,0506,0506,0506,0506,0506,0506,0506,0506,0506,0506,0506,0506,0506,0506,01056,01170,01171,01172,0504,0504,0504,0504,0504,0504,0504,0504,0504,0504,0504,0504,0506,0506,0506,0506,0506,0506,0506,0506,0506,0506,0506,0506,0507,0507,0507,0507,0507,0507,",
    "image": {
      "src": "http://localhost/index.html",
      "w": 1.8338278931750742,
      "angle": 0,
      "x": -0.6884272997032641,
      "y": -0.5459940652818991
    }
  },
  {
    "glyph": "0276,",
    "image": {
      "src": "http://localhost/index.html",
      "w": 1.8338278931750742,
      "angle": 0,
      "x": -0.6884272997032641,
      "y": -0.5459940652818991
    }
  },
  {
    "glyph": "0504,0504,0506,0506,0506,0506,0506,0506,0504,0504,0504,0504,0506,0506,0506,01167,01167,01167,0505,0505,0505,0505,0505,0505,0505,0506,0506,0506,0506,0506,0506,0506,0506,0506,0506,0506,0506,0506,0506,0506,0506,0506,0506,0506,0506,0506,0506,0506,0506,0505,0505,0506,0506,0506,01056,01155,01144,01062,01061,01066,0505,0505,0505,0505,0505,0505,0505,0505,0505,0506,0506,0506,0506,0506,0506,0506,0506,0506,0506,0506,0506,0506,0506,0506,0506,0506,0506,0506,0506,0506,0506,0506,0506,0506,0506,0506,0506,0506,0506,01056,01170,01171,01172,0504,0504,0504,0504,0504,0504,0504,0504,0504,0504,0504,0504,0506,0506,0506,0506,0506,0506,0506,0506,0506,0506,0506,0506,",
    "image": {
      "src": "http://localhost/index.html",
      "w": 1.8338278931750742,
      "angle": 0,
      "x": -0.6884272997032641,
      "y": -0.5459940652818991
    }
  }
]