[
  {
    "glyph": "0504,0504,0504,0504,0504,0504,0501,0501,0501,0501,0501,0501,0501,0501,0501,0501,0501,0501,0501,0501,0501,0501,0501,0501,0501,0505,0505,0505,0505,0505,0505,0503,0503,0503,0503,0503,0503,0503,0503,0503,0503,0507,0500,0507,0500,0507,0500,0500,0500,0500,0500,0500,0500,0500,0500,0500,0500,0500,0500,0500,0500,0500,0500,0500,0500,0500,0500,0500,0500,0500,0500,0500,0500,0503,0503,0503,0500,0500,0500,0502,0502,0502,0502,0502,0502,0502,0502,0502,0502,0502,0502,0502,0502,0502,0502,0502,0502,0502,0502,0502,0500,0500,0507,0500,0503,0503,0503,0503,0503,0503,0503,0503,0503,0505,0503,0501,0506,0506,0506,0506,0506,0506,0506,0505,0506,0506,0506,0506,0502,0502,0502,0502,0502,0502,0502,0502,0502,0502,0502,0501,0501,0501,0503,0503,0503,0501,0501,0501,0501,0501,0501,0501,0501,0501,0501,0501,0501,0501,0501,0501,0501,0501,0501,0501,0501,0501,0501,0501,0501,0501,0501,0501,0505,0503,0505,0503,0503,0503,0503,0503,0503,0503,0503,0503,0503,0503,0503,0507,0507,0507,0507,0507,0504,0504,0504,0504,0504,0504,0503,0500,0500,0500,0500,0500,0500,0500,0500,0500,0500,0500,0500,0500,0500,0500,0500,0500,0500,0507,0507,0507,0507,0507,0507,0504,0504,0504,0504,0500,0502,0502,0502,0502,0502,0502,0502,0502,0502,0502,0502,0502,0502,0502,0502,0502,0502,0502,0502,0502,0502,0502,0502,0502,0507,0507,0507,0507,0507,0507,0505,0505,0505,0505,0501,0501,0501,0501,0501,0501,0501,0501,0501,0501,0501,0501,0501,0501,0501,0501,0501,0501,0501,0507,0507,0507,0507,0507,0507,0504,0504,0504,0504,0504,0504,0504,0504,0504,0504,0504,0504,0504,0322,0506,0506,0506,0506,0506,0506,0506,0506,0506,0506,0506,0506,0500,0500,0500,0500,0500,0503,0501,0501,0501,0501,0503,0500,0500,0500,0500,0503,0501,0501,0501,0501,0323,0503,0500,0500,0500,0500,0503,0501,0501,0501,0501,0507,0503,0500,0500,0500,0500,0324,0503,0501,0501,0501,0501,0503,0500,0500,0500,0500,0503,0501,0501,0501,0501,0501,0503,0500,0500,0500,0500,0500,0325,0507,0503,0501,0501,0501,0501,0503,0500,0500,0500,0500,0503,0501,0501,0501,0501,0503,0500,0500,0500,0500,",
    "shapes": [
      "0220:0300,",
      "01220:0333,0200,"
    ],
    "x0rel": 0.5,
    "y0rel": 0.5,
    "unitrel": 0.12000000000000001,
    "theta0": -1.570796,
    "width": 200,
    "height": 200,
    "scale": 1,
    "backgroundimage": "",
    "style": {
      "color0": "black",
      "fill0": "black",
      "line0": 1,
      "color1": "black",
      "fill1": "white",
      "line1": 8,
      "color2": "red",
      "fill2": "red",
      "line2": 1,
      "color3": "#FF7900",
      "fill3": "#FF7900",
      "line3": 1,
      "color4": "yellow",
      "fill4": "yellow",
      "line4": 1,
      "color5": "green",
      "fill5": "green",
      "line5": 1,
      "color6": "blue",
      "fill6": "blue",
      "line6": 1,
      "color7": "purple",
      "fill7": "purple",
      "line7": 1
    },
    "controlbuttonsstring": "020,010,021,0504,0505,0506,0507,0500,0501,0502,0503,0547,0550,0551,0552,0553,0320,0322,0323,0324,0325,0326,0327,",
    "controlbuttons": [],
    "imgw": 1.07,
    "imgx": -0.05,
    "imgy": 0.195,
    "imgtheta": 0
  },
  {
    "glyph": "0325,0500,0500,0502,0507,0503,0504,0502,0507,0504,0504,0500,0500,0507,0500,0503,0503,0505,0505,0502,0502,0507,0503,0503,0500,0500,0500,0506,0500,0506,0500,0502,0502,0502,0502,0502,0502,0505,0502,0506,0501,0501,0503,0503,0503,0505,0503,0501,0502,0502,0502,0502,0500,0505,0501,0501,0501,0501,0507,0501,0507,0501,0507,0501,0507,0501,0503,0503,0504,0503,0504,0503,0504,0503,0504,0503,0500,0500,0500,0504,0504,0504,0504,0504,0504,0502,0503,0505,0503,0505,0503,0501,0501,0507,0501,0501,0501,0506,0501,0501,0501,0506,0501,0501,0501,0501,0507,0501,0507,0501,0507,0501,0501,0501,0501,0506,0501,0506,0501,0506,0501,0501,0501,0501,0501,0507,0501,0501,0507,0501,0501,0501,0506,0506,0506,0501,0500,0500,0500,0506,0500,0500,0506,0500,0500,0500,0500,0500,0507,0500,0507,0500,0507,0500,0500,0500,0500,0506,0500,0506,0500,0500,0506,0500,0500,0506,0506,0506,0506,0506,0506,0504,0501,0501,0506,0501,0501,0506,0501,0501,0506,0501,0501,0501,0507,0501,0507,0501,0507,0501,0501,0501,0501,0501,0506,0501,0501,0506,0501,0501,0501,0501,0506,0506,0506,0500,0500,0500,0507,0500,0507,0500,0500,0500,0500,0500,0500,0506,0500,0506,0500,0506,0500,0500,0500,0500,0507,0500,0507,0500,0507,0500,0500,0500,0500,0500,0506,0500,0500,0500,0506,0500,0500,0500,0507,0500,0507,0500,0507,0500,0507,0500,0502,0502,0505,0502,0502,0501,0506,0501,0501,0506,0501,0501,0501,0501,0501,0507,0501,0501,0501,0501,0501,0506,0501,0506,0501,0501,0501,0501,0501,0501,0507,0501,0507,0501,0501,0507,0501,0501,0501,0506,0501,0506,0501,0501,0506,0501,0504,0502,0500,0500,0507,0500,0507,0500,0500,0500,0506,0504,0500,0505,0502,0505,0502,0502,0505,0502,0504,0502,0502,0502,0501,0505,0505,0503,0503,0503,0503,0501,0501,0507,0501,0504,0504,0504,0504,0506,0506,0502,0504,0504,0504,0504,0502,0502,0505,0502,0504,0502,0507,0500,0507,0500,0503,0503,0503,0500,0503,0504,0503,0500,0500,0507,0500,0500,0507,0500,0500,0500,0500,0500,0506,0500,0500,0500,0500,0507,0500,0507,0500,0500,0505,0502,0505,0502,0505,0502,0505,0502,0502,0502,0502,0505,0502,0502,0502,0505,0502,0502,0500,0507,0500,0507,0500,0500,0500,0507,0500,0500,0500,0500,0500,0503,0505,0503,0501,0507,0501,0501,0503,0503,0504,0503,0503,0503,0507,0507,0500,0506,0500,0500,0506,0500,0500,0503,0503,0505,0503,0500,0500,0500,0503,0503,0505,0503,0503,0505,0503,0500,0500,0507,0500,0502,0504,0502,0504,0503,0503,0503,0500,0507,0500,0505,0503,0505,0503,0503,0503,0501,0506,0501,0501,0501,0501,0506,0502,0502,0502,0505,0502,0503,0503,0503,0503,0507,0507,0500,0500,0503,0504,0503,0503,0503,0501,0501,0501,0507,0500,0503,0503,0501,0501,0506,0501,0506,0501,0501,0502,0502,0507,0507,0507,0507,0503,0503,0503,0503,0505,0503,0500,0507,0500,0500,0507,0500,0503,0501,0501,0501,0501,0507,0501,0501,0507,0501,0507,0501,0501,0501,0502,0502,0502,0504,0502,0504,0502,0502,0502,0504,0502,0504,0502,0504,0502,0504,0502,0507,0507,0507,0507,0507,0507,0507,0507,0507,0507,0507,0500,0506,0500,0500,0506,0500,0506,0500,0506,0500,0500,0506,0500,0506,0500,0502,0504,0502,0504,0502,0502,0504,0502,0504,0502,0502,0504,0502,0502,0502,0502,0504,0502,0502,0502,0502,0502,0502,0502,0502,0502,0505,0502,0502,0502,0502,0505,0502,0502,0505,0502,0502,0505,0502,0502,0501,0502,0501,0502,0505,0502,0505,0502,0505,0502,0501,0506,0501,0501,0506,0501,0501,0506,0501,0501,0501,0506,0501,0501,0501,0501,0501,0501,0503,0503,0504,0503,0503,0504,0503,0503,0503,0501,0501,0502,0502,0505,0502,0502,0505,0502,0502,0502,0501,0503,0503,0504,0503,0503,0503,0503,0501,0501,0502,0502,0505,0502,0502,0502,0502,0501,0503,0503,0503,0504,0503,0503,0503,0501,0501,0502,0505,0502,0502,0505,0502,0503,0503,0504,0503,0507,0507,0507,0507,0507,0507,0507,0507,0507,0507,0507,0507,0507,0507,0507,0507,0507,0507,0507,0507,0507,0507,0507,0507,0507,0507,0507,0507,0507,0500,0506,0500,0506,0500,0500,0506,0500,0500,0500,0507,0500,0500,0500,0500,0500,0500,0500,0500,0506,0500,0503,0505,0503,0501,0503,0501,0501,0501,0501,0501,0501,0501,0501,0501,0507,0501,0501,0507,0501,0507,0501,0501,0501,0507,0501,0503,0503,0501,0505,0501,0502,0501,0501,0506,0501,0503,0503,0501,0502,0502,0502,0501,0501,0503,0505,0502,0502,0504,0502,0504,0502,0504,0502,0500,0500,0505,0505,0505,0505,0507,0501,0501,0504,0502,0504,0502,0500,0506,0500,0500,0500,0500,0507,0500,0500,0507,0500,0507,0500,0500,0500,0507,0501,0501,0501,0501,0501,0503,0505,0503,0503,0507,0507,0503,0503,0501,0502,0502,0507,0507,0504,0504,0500,0502,0507,0507,0501,0500,0504,0502,0504,0502,0500,0503,0503,0505,0503,0503,0500,0502,0504,0502,0504,0502,0502,0500,0503,0503,0503,0505,0503,0500,0503,0504,0506,0502,0504,0502,0502,0502,0504,0502,0500,0503,0503,0505,0503,0503,0503,0503,0500,0502,0502,0502,0504,0502,0502,0504,0502,0502,0500,0500,0503,0503,0505,0503,0503,0505,0503,0503,0503,0500,0500,0500,0500,0500,0506,0500,0500,0500,0506,0506,0506,0506,0506,0506,0506,0506,0506,0506,0506,0506,0506,0506,0506,0506,0506,0506,0506,0506,0506,0506,0505,0505,0505,0505,0505,0505,0505,0505,0505,",
    "shapes": [
      "0220:0300,",
      "01220:0333,0200,"
    ],
    "x0rel": 0.5,
    "y0rel": 0.5,
    "unitrel": 0.12000000000000001,
    "theta0": -1.570796,
    "width": 200,
    "height": 200,
    "scale": 1,
    "backgroundimage": "",
    "style": {
      "color0": "black",
      "fill0": "black",
      "line0": 1,
      "color1": "black",
      "fill1": "white",
      "line1": 8,
      "color2": "red",
      "fill2": "red",
      "line2": 1,
      "color3": "#FF7900",
      "fill3": "#FF7900",
      "line3": 1,
      "color4": "yellow",
      "fill4": "yellow",
      "line4": 1,
      "color5": "green",
      "fill5": "green",
      "line5": 1,
      "color6": "blue",
      "fill6": "blue",
      "line6": 1,
      "color7": "purple",
      "fill7": "purple",
      "line7": 1
    },
    "controlbuttonsstring": "020,010,021,0504,0505,0506,0507,0500,0501,0502,0503,0547,0550,0551,0552,0553,0320,0322,0323,0324,0325,0326,0327,",
    "controlbuttons": [],
    "imgw": 1.07,
    "imgx": -0.05,
    "imgy": 0.195,
    "imgtheta": 0
  },
  {
    "glyph": "0504,0504,0504,0504,0504,0504,0504,0504,0504,0502,0502,0502,0502,0505,0502,0502,0501,0501,0501,0506,0501,0501,0501,0501,0501,0501,0506,0501,0501,0506,0501,0502,0501,0503,0503,0503,0503,0503,0503,0503,0503,0503,0503,0503,0503,0503,0503,0503,0503,0503,0503,0503,0503,0500,0502,0506,0500,0500,0506,0500,0500,0500,0500,0500,0500,0506,0500,0500,0500,0500,0502,0504,0502,0502,0502,0502,0502,0504,0504,0504,0504,0504,0504,0500,0503,0503,0503,0501,0501,0501,0503,0503,0503,0503,0503,0505,0503,0505,0503,0501,0501,0507,0501,0501,0501,0501,0501,0501,0501,0501,0501,0507,0501,0507,0501,0507,0501,0503,0501,0501,0501,0501,0501,0501,0501,0502,0502,0502,0502,0502,0502,0502,0502,0502,0502,0502,0502,0501,0501,0501,0502,0502,0502,0502,0502,0502,0500,0500,0500,0502,0502,0502,0502,0502,0502,0502,0502,0502,0502,0502,0502,0500,0500,0500,0500,0500,0500,0500,0503,0507,0500,0507,0500,0507,0500,0500,0500,0500,0500,0500,0500,0500,0500,0507,0500,0500,0500,0507,0500,0507,0500,0503,0503,0503,0503,0503,0500,0500,0500,0503,0503,",
    "shapes": [
      "0220:0300,",
      "01220:0333,0200,"
    ],
    "x0rel": 0.5,
    "y0rel": 0.5,
    "unitrel": 0.12000000000000001,
    "theta0": -1.570796,
    "width": 200,
    "height": 200,
    "scale": 1,
    "backgroundimage": "",
    "style": {
      "color0": "black",
      "fill0": "black",
      "line0": 1,
      "color1": "black",
      "fill1": "white",
      "line1": 8,
      "color2": "red",
      "fill2": "red",
      "line2": 1,
      "color3": "#FF7900",
      "fill3": "#FF7900",
      "line3": 1,
      "color4": "yellow",
      "fill4": "yellow",
      "line4": 1,
      "color5": "green",
      "fill5": "green",
      "line5": 1,
      "color6": "blue",
      "fill6": "blue",
      "line6": 1,
      "color7": "purple",
      "fill7": "purple",
      "line7": 1
    },
    "controlbuttonsstring": "020,010,021,0504,0505,0506,0507,0500,0501,0502,0503,0547,0550,0551,0552,0553,0320,0322,0323,0324,0325,0326,0327,",
    "controlbuttons": [],
    "imgw": 1.07,
    "imgx": -0.05,
    "imgy": 0.195,
    "imgtheta": 0
  },
  {
    "glyph": "0504,0504,0504,0504,0504,0504,0504,0506,0506,0506,0506,0506,0506,0506,0506,0506,0506,0506,0506,0506,0504,0506,0506,01155,01144,01062,01061,01066,0505,0505,0505,0505,0506,0506,0505,0505,0505,0506,0506,0506,0505,0506,0506,0506,0506,0506,0506,0505,0506,0506,0506,0506,0506,0506,0506,0506,0506,0506,0506,0506,0506,0506,0506,0506,01056,01170,01171,01172,",
    "shapes": [
      "0220:0300,",
      "01220:0333,0200,"
    ],
    "x0rel": 0.5,
    "y0rel": 0.5,
    "unitrel": 0.12000000000000001,
    "theta0": -1.570796,
    "width": 200,
    "height": 200,
    "scale": 1,
    "backgroundimage": "",
    "style": {
      "color0": "black",
      "fill0": "black",
      "line0": 1,
      "color1": "black",
      "fill1": "white",
      "line1": 8,
      "color2": "red",
      "fill2": "red",
      "line2": 1,
      "color3": "#FF7900",
      "fill3": "#FF7900",
      "line3": 1,
      "color4": "yellow",
      "fill4": "yellow",
      "line4": 1,
      "color5": "green",
      "fill5": "green",
      "line5": 1,
      "color6": "blue",
      "fill6": "blue",
      "line6": 1,
      "color7": "purple",
      "fill7": "purple",
      "line7": 1
    },
    "controlbuttonsstring": "020,010,021,0504,0505,0506,0507,0500,0501,0502,0503,0547,0550,0551,0552,0553,0320,0322,0323,0324,0325,0326,0327,",
    "controlbuttons": [],
    "imgw": 1.07,
    "imgx": -0.05,
    "imgy": 0.195,
    "imgtheta": 0
  },
  {
    "glyph": "0550,0506,0506,0506,0506,0506,0506,0506,0506,0506,0506,0506,0506,0506,0506,0506,0506,0506,0506,0505,0505,01043,01155,01144,01062,01061,01066,0506,0506,0506,0506,0506,0506,0506,0506,0506,0506,0506,0506,0506,0506,0506,0506,0506,0506,0504,0504,",
    "shapes": [
      "0220:0300,",
      "01220:0333,0200,"
    ],
    "x0rel": 0.5,
    "y0rel": 0.5,
    "unitrel": 0.12000000000000001,
    "theta0": -1.570796,
    "width": 200,
    "height": 200,
    "scale": 1,
    "backgroundimage": "",
    "style": {
      "color0": "black",
      "fill0": "black",
      "line0": 1,
      "color1": "black",
      "fill1": "white",
      "line1": 8,
      "color2": "red",
      "fill2": "red",
      "line2": 1,
      "color3": "#FF7900",
      "fill3": "#FF7900",
      "line3": 1,
      "color4": "yellow",
      "fill4": "yellow",
      "line4": 1,
      "color5": "green",
      "fill5": "green",
      "line5": 1,
      "color6": "blue",
      "fill6": "blue",
      "line6": 1,
      "color7": "purple",
      "fill7": "purple",
      "line7": 1
    },
    "controlbuttonsstring": "020,010,021,0504,0505,0506,0507,0500,0501,0502,0503,0547,0550,0551,0552,0553,0320,0322,0323,0324,0325,0326,0327,",
    "controlbuttons": [],
    "imgw": 1.07,
    "imgx": -0.05,
    "imgy": 0.195,
    "imgtheta": 0
  },
  {
    "glyph": "0550,0306,0330,0330,0330,0322,0347,0331,0331,0331,0331,0331,0333,0333,0333,0331,0347,0330,0332,0331,0332,0331,0332,0331,0332,0332,0331,0332,0347,0326,0330,0330,0330,0347,0331,0331,0331,0331,0331,0333,0331,0333,0331,0333,0330,0347,0333,0333,0333,0330,0330,0330,0347,0331,0331,0331,0332,0332,0332,0325,0347,0321,0334,0330,0201,0335,0332,0333,0335,0201,0330,0335,0330,0201,0330,0335,0330,0201,0330,0335,0330,0201,0330,0335,0330,0201,0330,0335,0330,0201,0331,0331,0333,0331,0333,0331,0333,0201,0330,0333,0335,0342,0331,0334,",
    "shapes": [
      "0220:0300,",
      "01220:0333,0200,"
    ],
    "x0rel": 0.5,
    "y0rel": 0.5,
    "unitrel": 0.12000000000000001,
    "theta0": -1.570796,
    "width": 200,
    "height": 200,
    "scale": 1,
    "backgroundimage": "",
    "style": {
      "color0": "black",
      "fill0": "black",
      "line0": 1,
      "color1": "black",
      "fill1": "white",
      "line1": 8,
      "color2": "red",
      "fill2": "red",
      "line2": 1,
      "color3": "#FF7900",
      "fill3": "#FF7900",
      "line3": 1,
      "color4": "yellow",
      "fill4": "yellow",
      "line4": 1,
      "color5": "green",
      "fill5": "green",
      "line5": 1,
      "color6": "blue",
      "fill6": "blue",
      "line6": 1,
      "color7": "purple",
      "fill7": "purple",
      "line7": 1
    },
    "controlbuttonsstring": "020,010,021,0504,0505,0506,0507,0500,0501,0502,0503,0547,0550,0551,0552,0553,0320,0322,0323,0324,0325,0326,0327,",
    "controlbuttons": [],
    "imgw": 1.07,
    "imgx": -0.05,
    "imgy": 0.195,
    "imgtheta": 0
  },
  {
    "glyph": "0306,0330,0330,0330,0322,0347,0331,0331,0331,0331,0331,0333,0333,0333,0331,0347,0330,0332,0331,0332,0331,0332,0331,0332,0332,0331,0332,0347,0326,0330,0330,0330,0347,0331,0331,0331,0331,0331,0333,0331,0333,0331,0333,0330,0347,0333,0333,0333,0330,0330,0330,0347,0331,0331,0331,0332,0332,0332,0325,0347,0321,0334,0330,0201,0335,0332,0333,0335,0201,0330,0335,0330,0201,0330,0335,0330,0201,0330,0335,0330,0201,0330,0335,0330,0201,0330,0335,0330,0201,0331,0331,0333,0331,0333,0331,0333,0201,0330,0333,0335,0342,0331,0334,",
    "shapes": [
      "0220:0300,",
      "01220:0333,0200,"
    ],
    "x0rel": 0.5,
    "y0rel": 0.5,
    "unitrel": 0.12000000000000001,
    "theta0": -1.570796,
    "width": 200,
    "height": 200,
    "scale": 1,
    "backgroundimage": "",
    "style": {
      "color0": "black",
      "fill0": "black",
      "line0": 1,
      "color1": "black",
      "fill1": "white",
      "line1": 8,
      "color2": "red",
      "fill2": "red",
      "line2": 1,
      "color3": "#FF7900",
      "fill3": "#FF7900",
      "line3": 1,
      "color4": "yellow",
      "fill4": "yellow",
      "line4": 1,
      "color5": "green",
      "fill5": "green",
      "line5": 1,
      "color6": "blue",
      "fill6": "blue",
      "line6": 1,
      "color7": "purple",
      "fill7": "purple",
      "line7": 1
    },
    "controlbuttonsstring": "020,010,021,0504,0505,0506,0507,0500,0501,0502,0503,0547,0550,0551,0552,0553,0320,0322,0323,0324,0325,0326,0327,",
    "controlbuttons": [],
    "imgw": 1.07,
    "imgx": -0.05,
    "imgy": 0.195,
    "imgtheta": 0
  }
]