[
  {
    "text": "",
    "src": "https://i.imgur.com/QN5aLe7.jpg",
    "href": "",
    "glyph": ""
  },
  {
    "text": "link to linkfeed.html",
    "src": "",
    "href": "linkfeed.html",
    "glyph": ""
  },
  {
    "text": "foo",
    "src": "",
    "href": "",
    "glyph": ""
  },
  {
    "href": "index.html",
    "src": "",
    "text": "home",
    "glyph": ""
  },
  {
    "href": "editor.php",
    "src": "",
    "text": "editor.php",
    "glyph": ""
  },
  {
    "href": "",
    "src": "https://i.imgur.com/4zetaPf.png",
    "text": "an image",
    "glyph": "0321,0341,"
  },
  {
    "href": "",
    "src": "",
    "text": "robot icon",
    "glyph": "0507,0500,0500,0500,0500,0500,0500,0500,0502,0500,0504,0502,0504,0502,0502,0504,0502,0502,0504,0502,0502,0504,0502,0504,0502,0502,0504,0502,0502,0502,0502,0502,0505,0502,0505,0502,0502,0505,0502,0502,0505,0502,0502,0505,0502,0502,0505,0502,0501,0506,0501,0506,0501,0501,0501,0501,0501,0501,0501,0501,0501,0501,0501,0501,0501,0507,0501,0507,0501,0501,0503,0505,0503,0503,0505,0503,0503,0505,0503,0505,0503,0503,0505,0503,0503,0505,0503,0503,0503,0503,0504,0503,0503,0504,0503,0504,0503,0503,0504,0503,0503,0504,0503,0504,0503,0503,0500,0507,0500,0507,0500,0500,0500,0500,0500,0500,0500,0507,0507,0500,0500,0500,0500,0500,0500,0507,0500,0507,0500,0507,0500,0503,0503,0504,0503,0503,0503,0504,0503,0503,0503,0503,0504,0503,0503,0503,0505,0503,0505,0503,0505,0503,0501,0507,0501,0507,0501,0501,0507,0501,0507,0501,0501,0507,0501,0501,0501,0501,0506,0501,0506,0501,0501,0506,0501,0506,0501,0506,0501,0506,0501,0501,0506,0501,0502,0502,0505,0502,0504,0502,0502,0502,0504,0502,0502,0502,0504,0502,0502,0502,0502,0504,0502,0504,0502,0504,0502,0500,0500,0500,0500,0500,0500,0504,0504,0504,0504,0504,0504,0504,0504,0504,0504,0504,0502,0502,0502,0504,0502,0502,0504,0502,0504,0502,0502,0504,0502,0502,0504,0502,0504,0502,0502,0500,0506,0500,0504,0502,0502,0502,0505,0502,0505,0502,0505,0502,0505,0502,0502,0505,0502,0505,0502,0502,0505,0502,0505,0502,0502,0505,0502,0502,0502,0502,0505,0502,0501,0501,0501,0507,0501,0501,0501,0501,0501,0501,0501,0501,0501,0501,0501,0501,0501,0506,0501,0506,0501,0501,0507,0501,0507,0501,0503,0503,0503,0505,0503,0503,0505,0503,0503,0505,0503,0505,0503,0503,0505,0503,0503,0505,0503,0507,0501,0501,0507,0501,0503,0503,0504,0503,0504,0503,0500,0507,0500,0503,0504,0503,0503,0504,0503,0504,0503,0503,0504,0503,0503,0504,0503,0503,0503,0503,0503,0503,0503,0503,0505,0503,0503,0503,0505,0503,0503,0503,0505,0503,0503,0503,0501,0507,0501,0503,0503,0503,0504,0503,0500,0500,0500,0507,0500,0507,0500,0500,0507,0500,0507,0500,0507,0500,0500,0507,0500,0507,0500,0503,0504,0503,0503,0500,0500,0500,0500,0502,0502,0504,0502,0500,0506,0500,0506,0500,0500,0506,0500,0506,0500,0500,0506,0500,0506,0500,0506,0500,0500,0500,0506,0500,0502,0502,0502,0505,0502,0505,0502,0502,0502,0505,0502,0502,0502,0505,0502,0502,0502,0505,0502,0502,0502,0502,0505,0505,0505,0505,0505,0505,0505,0505,0505,0505,0505,0506,0506,0506,"
  }
]