font = [
    "0215:0330,0336,0336,0347,0337,0337,",
    "01215:0333,0200,0336,0332,0342,0330,0350,0335,0335,0335,0342,0335,0335,0342,0335,0335,0335,0304,0336,0330,0347,0333,0333,0330,0337,0337,0331,",    
    "01100:0333,0336,0332,0330,0336,0336,0341,0337,0343,0334,0343,0334,0334,0336,0330,0342,0331,0337,0350,0335,0335,0343,0351,0330,0330,0335,0335,0333,0333,0337,0337",
    "01101:0336,0336,0336,0331,0215,0215,0215,0215,0215,0215,0333,0215,0335,0215,0215,0330,0335,0215,0215,0215,0215,0215,0215,0331,0331,0331,0335,0215,0215,0215,0335,0333,0333,0333,0331,0331,0331,0333,0333,0337,0337,0337,",
    "01102:0336,0336,0336,0331,0215,0215,0215,0215,0215,0215,0215,0335,0215,0215,0215,0335,0332,0215,0215,0335,0332,0215,0215,0215,0335,0335,0333,0330,0330,0215,0335,0215,0335,0332,0215,0215,0215,0335,0333,0333,0333,0333,0333,0337,0337,0337,",
    "01103:0336,0336,0336,0215,0215,0215,0215,0215,0335,0332,0215,0215,0215,0335,0332,0215,0330,0330,0330,0215,0335,0332,0215,0215,0215,0335,0333,0333,0333,0333,0333,0337,0337,0337,",
    "01104:0336,0336,0336,0331,0215,0215,0215,0215,0215,0215,0215,0335,0215,0215,0333,0215,0333,0215,0335,0215,0215,0333,0215,0333,0215,0335,0215,0335,0333,0333,0333,0333,0333,0337,0337,0337,",
    "01105:0336,0336,0336,0331,0215,0215,0215,0215,0215,0215,0215,0335,0215,0215,0215,0215,0331,0331,0331,0331,0333,0333,0333,0215,0215,0331,0331,0333,0333,0333,0215,0215,0215,0215,0334,0333,0333,0337,0337,0337,",
    "01106:0336,0336,0336,0331,0215,0215,0215,0215,0215,0215,0215,0335,0215,0215,0215,0215,0331,0331,0331,0331,0333,0333,0333,0215,0215,0331,0331,0333,0333,0333,0334,0333,0333,0333,0333,0333,0333,0337,0337,0337,",
    "01107:0336,0336,0336,0215,0215,0215,0215,0215,0335,0332,0215,0215,0215,0335,0332,0215,0330,0215,0335,0215,0215,0331,0331,0334,0215,0215,0215,0335,0215,0215,0215,0335,0333,0333,0333,0333,0333,0337,0337,0337,",
    "01110:0336,0336,0336,0331,0215,0215,0215,0215,0215,0215,0215,0331,0331,0331,0335,0215,0215,0215,0215,0334,0215,0215,0215,0335,0335,0330,0330,0330,0215,0215,0215,0335,0335,0333,0333,0337,0337,0337,",
    "01111:0336,0336,0336,0335,0215,0215,0215,0334,0332,0215,0215,0215,0215,0215,0215,0334,0215,0335,0335,0330,0215,0334,0331,0331,0331,0331,0331,0331,0333,0333,0333,0337,0337,0337,",
    "01112:0336,0336,0336,0215,0335,0335,0332,0215,0334,0215,0334,0333,0215,0215,0215,0215,0215,0215,0334,0215,0335,0335,0330,0215,0334,0331,0331,0331,0331,0331,0331,0333,0333,0337,0337,0337,",
    "01113:0336,0336,0336,0331,0215,0215,0215,0215,0215,0215,0215,0331,0331,0331,0331,0333,0215,0333,0215,0333,0215,0333,0215,0331,0331,0331,0335,0335,0333,0333,0215,0332,0215,0332,0215,0335,0335,0333,0333,0337,0337,0337,",
    "01114:0336,0336,0336,0331,0215,0215,0215,0215,0215,0215,0215,0335,0333,0333,0333,0333,0333,0333,0215,0215,0215,0215,0334,0333,0333,0337,0337,0337,",
    "01115:0336,0336,0336,0331,0215,0215,0215,0215,0215,0215,0215,0335,0335,0332,0215,0332,0215,0215,0335,0335,0333,0330,0215,0333,0215,0335,0335,0215,0215,0215,0215,0215,0215,0335,0335,0333,0333,0337,0337,0337,",
    "01116:0336,0336,0336,0331,0215,0215,0215,0215,0215,0215,0215,0335,0333,0333,0215,0333,0215,0333,0215,0215,0334,0215,0215,0215,0215,0335,0335,0330,0330,0330,0330,0215,0215,0335,0335,0333,0333,0337,0337,0337,",
    "01117:0336,0336,0336,0215,0215,0215,0215,0215,0335,0332,0215,0215,0215,0335,0332,0215,0215,0215,0215,0215,0335,0332,0215,0215,0215,0335,0333,0333,0333,0333,0333,0337,0337,0337,",
    "01120:0336,0336,0336,0331,0215,0215,0215,0215,0215,0215,0215,0335,0215,0215,0215,0335,0332,0215,0215,0335,0332,0215,0215,0215,0335,0331,0331,0331,0333,0333,0333,0333,0333,0337,0337,0337,",
    "01121:0336,0336,0336,0215,0215,0215,0215,0215,0335,0332,0215,0215,0215,0335,0332,0215,0215,0215,0215,0333,0215,0332,0215,0335,0330,0215,0215,0335,0330,0333,0215,0333,0333,0331,0331,0333,0333,0337,0337,0337,",
    "01122:0336,0336,0336,0331,0215,0215,0215,0215,0215,0215,0215,0335,0215,0215,0215,0335,0332,0215,0215,0335,0332,0215,0215,0215,0334,0332,0215,0332,0215,0332,0215,0335,0335,0333,0333,0337,0337,0337,",
    "01123:0336,0336,0336,0215,0335,0333,0215,0215,0215,0330,0334,0215,0215,0330,0334,0215,0215,0215,0335,0332,0215,0215,0330,0335,0215,0215,0215,0335,0332,0215,0335,0335,0331,0331,0331,0331,0331,0333,0333,0337,0337,0337,",
    "01124:0336,0336,0336,0331,0333,0333,0215,0215,0215,0215,0215,0215,0215,0334,0215,0215,0335,0335,0330,0330,0215,0215,0334,0331,0331,0331,0331,0331,0331,0333,0333,0337,0337,0337,",
    "01125:0336,0336,0336,0215,0215,0215,0215,0215,0215,0331,0331,0331,0331,0331,0331,0335,0215,0215,0215,0330,0334,0215,0215,0215,0215,0215,0215,0331,0331,0331,0331,0331,0331,0333,0333,0337,0337,0337,",
    "01126:0336,0336,0336,0331,0333,0333,0215,0332,0215,0332,0215,0215,0215,0215,0215,0335,0335,0332,0332,0332,0332,0331,0215,0215,0215,0215,0215,0333,0215,0335,0335,0333,0331,0333,0333,0337,0337,0337,",
    "01127:0336,0336,0336,0215,0215,0215,0215,0215,0215,0331,0331,0331,0331,0331,0331,0335,0215,0334,0333,0215,0215,0215,0331,0331,0331,0335,0215,0330,0334,0215,0215,0215,0215,0215,0215,0331,0331,0331,0331,0331,0331,0333,0333,0337,0337,0337,",
    "01130:0336,0336,0336,0331,0215,0215,0333,0215,0333,0215,0332,0215,0332,0215,0215,0335,0335,0332,0332,0332,0332,0331,0215,0215,0333,0215,0330,0215,0332,0215,0215,0335,0335,0333,0333,0337,0337,0337,",
    "01131:0336,0336,0336,0333,0333,0331,0215,0215,0215,0332,0215,0332,0215,0215,0215,0335,0335,0332,0332,0332,0332,0331,0215,0215,0215,0333,0215,0335,0335,0333,0331,0331,0331,0333,0333,0337,0337,0337,",
    "01132:0336,0336,0336,0331,0215,0215,0333,0215,0333,0215,0333,0215,0333,0215,0215,0334,0215,0215,0215,0215,0334,0330,0330,0330,0330,0330,0330,0334,0215,0215,0215,0215,0334,0333,0333,0337,0337,0337,",
    "01141:0336,0336,0336,0215,0335,0333,0215,0215,0215,0215,0334,0215,0215,0215,0334,0333,0215,0215,0215,0334,0330,0330,0334,0331,0215,0215,0215,0334,0333,0331,0331,0333,0333,0337,0337,0337,",
    "01142:0336,0336,0336,0331,0215,0215,0215,0215,0215,0215,0215,0331,0331,0331,0335,0215,0332,0215,0215,0335,0332,0215,0215,0215,0335,0332,0215,0215,0215,0335,0333,0333,0333,0333,0333,0337,0337,0337,",
    "01143:0336,0336,0336,0215,0215,0215,0335,0332,0215,0215,0215,0331,0331,0331,0333,0333,0333,0333,0215,0215,0215,0334,0333,0215,0331,0333,0333,0337,0337,0337,",
    "01144:0336,0336,0336,0215,0215,0215,0335,0332,0215,0215,0333,0215,0215,0334,0215,0215,0215,0335,0335,0330,0330,0330,0215,0215,0215,0335,0215,0215,0215,0335,0333,0333,0333,0333,0333,0337,0337,0337,",
    "01145:0336,0336,0336,0215,0215,0215,0335,0332,0215,0215,0215,0335,0332,0215,0215,0335,0215,0215,0215,0334,0330,0330,0334,0331,0215,0215,0215,0334,0333,0333,0333,0337,0337,0337,",
    "01146:0336,0336,0336,0333,0333,0331,0215,0215,0215,0215,0215,0215,0335,0332,0215,0215,0334,0331,0331,0334,0215,0330,0215,0335,0333,0333,0333,0331,0331,0331,0331,0333,0333,0337,0337,0337,",
    "01147:0336,0336,0336,0335,0215,0215,0215,0330,0334,0215,0215,0215,0215,0334,0215,0215,0215,0332,0215,0334,0330,0334,0215,0215,0215,0334,0333,0331,0331,0333,0333,0337,0337,0337,",
    "01150:0336,0336,0336,0331,0215,0215,0215,0215,0215,0215,0215,0335,0333,0333,0333,0215,0332,0215,0215,0335,0332,0215,0215,0215,0215,0335,0335,0333,0333,0337,0337,0337,",
    "01151:0336,0336,0336,0335,0215,0215,0215,0334,0332,0215,0215,0215,0215,0334,0215,0335,0333,0330,0215,0333,0331,0331,0331,0331,0331,0331,0333,0333,0333,0337,0337,0337,",
    "01152:0336,0336,0336,0335,0215,0215,0330,0334,0215,0215,0215,0215,0334,0215,0335,0333,0330,0215,0333,0331,0331,0331,0331,0331,0331,0333,0333,0337,0337,0337,",
    "01153:0336,0336,0336,0333,0331,0215,0215,0215,0215,0215,0215,0215,0331,0331,0331,0331,0335,0215,0332,0215,0332,0215,0335,0333,0330,0330,0215,0332,0215,0335,0335,0333,0333,0337,0337,0337,",
    "01154:0336,0336,0336,0335,0215,0215,0215,0334,0332,0215,0215,0215,0215,0215,0215,0334,0215,0335,0333,0333,0331,0331,0331,0331,0331,0331,0333,0333,0333,0337,0337,0337,",
    "01155:0336,0336,0336,0331,0215,0215,0215,0215,0215,0335,0215,0335,0332,0215,0215,0215,0215,0335,0335,0333,0330,0330,0330,0215,0335,0335,0332,0215,0215,0215,0215,0335,0335,0333,0333,0337,0337,0337,",
    "01156:0336,0336,0336,0331,0215,0215,0215,0215,0215,0335,0333,0215,0332,0215,0215,0335,0332,0215,0215,0215,0215,0335,0335,0333,0333,0337,0337,0337,",
    "01157:0336,0336,0336,0215,0215,0215,0335,0332,0215,0215,0215,0335,0332,0215,0215,0215,0334,0334,0334,0332,0215,0215,0215,0335,0333,0333,0333,0333,0333,0337,0337,0337,",
    "01160:0336,0336,0336,0331,0215,0215,0215,0215,0215,0335,0215,0215,0215,0335,0332,0215,0335,0332,0215,0215,0215,0335,0333,0333,0333,0331,0331,0333,0333,0337,0337,0337,",
    "01161:0336,0336,0336,0333,0333,0333,0333,0331,0215,0215,0215,0215,0215,0334,0215,0215,0215,0332,0215,0335,0335,0333,0215,0215,0215,0334,0333,0331,0331,0333,0333,0337,0337,0337,",
    "01162:0336,0336,0336,0331,0215,0215,0215,0215,0215,0335,0333,0215,0332,0215,0215,0333,0215,0334,0331,0331,0331,0333,0333,0337,0337,0337,",
    "01163:0336,0336,0336,0331,0215,0335,0215,0215,0215,0334,0333,0215,0330,0334,0215,0215,0215,0330,0335,0215,0335,0332,0215,0215,0215,0215,0334,0331,0331,0331,0331,0333,0333,0337,0337,0337,",
    "01164:0336,0336,0336,0333,0215,0215,0215,0215,0215,0215,0334,0332,0215,0335,0335,0330,0215,0334,0335,0335,0330,0330,0330,0330,0215,0334,0215,0330,0334,0215,0331,0333,0333,0337,0337,0337,",
    "01165:0336,0336,0336,0215,0215,0215,0215,0335,0333,0333,0333,0333,0215,0215,0332,0215,0215,0334,0215,0215,0215,0335,0335,0330,0330,0330,0215,0335,0335,0333,0333,0337,0337,0337,",
    "01166:0336,0336,0336,0335,0330,0215,0334,0332,0215,0215,0332,0215,0215,0331,0331,0331,0331,0333,0333,0333,0215,0215,0333,0215,0215,0331,0331,0331,0331,0333,0333,0337,0337,0337,",
    "01167:0336,0336,0336,0215,0215,0215,0215,0331,0331,0331,0331,0335,0215,0330,0334,0215,0215,0335,0335,0332,0330,0215,0334,0334,0333,0215,0215,0215,0215,0331,0331,0331,0331,0333,0333,0337,0337,0337,",
    "01170:0336,0336,0336,0331,0215,0333,0215,0335,0215,0334,0215,0215,0334,0333,0215,0215,0335,0335,0333,0330,0330,0215,0330,0334,0215,0335,0331,0331,0333,0333,0333,0333,0215,0215,0334,0333,0333,0337,0337,0337,",
    "01171:0336,0336,0336,0331,0215,0335,0215,0334,0333,0215,0215,0332,0215,0332,0215,0331,0331,0331,0333,0333,0333,0215,0333,0215,0215,0331,0331,0331,0331,0333,0333,0337,0337,0337,",
    "01172:0336,0336,0336,0331,0215,0335,0215,0215,0215,0215,0331,0331,0331,0334,0215,0333,0215,0333,0215,0333,0215,0334,0215,0215,0215,0215,0335,0331,0331,0331,0331,0333,0333,0333,0333,0333,0333,0337,0337,0337,",
    "01203:0336,0331,0334,0362,0201,0335,0201,0201,0335,0201,0201,0335,0201,0201,0335,0201,0363,0335,0330,0337,",
    "01133:0336,0336,0336,0331,0333,0215,0215,0215,0215,0215,0215,0215,0335,0215,0215,0333,0333,0333,0333,0333,0333,0331,0331,0215,0215,0334,0333,0333,0333,0337,0337,0337,",
    "01134:0336,0336,0336,0331,0333,0333,0333,0333,0215,0332,0215,0332,0215,0332,0215,0332,0215,0333,0333,0333,0333,0331,0331,0331,0331,0333,0333,0337,0337,0337,",
    "01135:0336,0336,0336,0331,0333,0215,0335,0215,0215,0334,0215,0215,0215,0215,0215,0215,0334,0215,0215,0335,0333,0333,0333,0331,0331,0331,0331,0331,0331,0333,0333,0337,0337,0337,",
    "01136:0336,0336,0336,0330,0330,0330,0330,0330,0333,0333,0215,0334,0332,0215,0335,0335,0330,0215,0333,0215,0335,0335,0330,0330,0330,0215,0335,0333,0333,0333,0333,0331,0331,0331,0331,0333,0333,0337,0337,0337,",
    "01137:0336,0336,0336,0335,0331,0215,0215,0215,0215,0215,0334,0333,0333,0337,0337,0337,",
    "01140:0336,0336,0336,0333,0330,0330,0330,0330,0215,0332,0215,0331,0331,0335,0330,0215,0334,0333,0331,0331,0331,0333,0333,0333,0331,0337,0337,0337",
    "01173:0336,0336,0336,0333,0333,0331,0215,0332,0215,0215,0330,0334,0215,0335,0333,0215,0215,0335,0332,0215,0334,0333,0331,0331,0331,0331,0331,0331,0333,0333,0333,0337,0337,0337",
    "01174:0336,0336,0336,0333,0333,0331,0215,0215,0215,0215,0215,0215,0215,0331,0331,0331,0331,0331,0331,0333,0333,0333,0333,0337,0337,0337,",
    "01175:0336,0336,0336,0331,0333,0333,0215,0333,0215,0215,0333,0215,0332,0215,0215,0332,0215,0333,0333,0333,0331,0331,0331,0331,0331,0331,0333,0337,0337,0337,",
    "01176:0336,0336,0336,0330,0330,0330,0330,0330,0215,0333,0215,0335,0333,0215,0334,0333,0215,0331,0331,0331,0331,0331,0331,0333,0333,0333,0331,0337,0337,0337,",
    "01100:0336,0336,0336,0215,0215,0215,0215,0215,0335,0332,0215,0215,0215,0335,0332,0215,0215,0215,0335,0332,0215,0215,0335,0215,0215,0335,0215,0331,0331,0331,0333,0333,0333,0333,0215,0215,0215,0215,0334,0333,0333,0337,0337,0337,",
    "01077:0336,0336,0336,0335,0330,0215,0334,0330,0215,0215,0335,0215,0330,0334,0215,0215,0330,0334,0215,0215,0215,0334,0333,0215,0215,0335,0335,0333,0333,0333,0333,0331,0331,0331,0331,0333,0333,0337,0337,0337",
    "01076:0336,0336,0336,0331,0333,0215,0333,0215,0333,0215,0332,0215,0332,0215,0331,0331,0331,0331,0333,0333,0333,0333,0333,0337,0337,0337,",
    "01075:0336,0336,0336,0335,0332,0332,0331,0215,0215,0215,0215,0215,0332,0332,0334,0334,0331,0215,0215,0215,0215,0215,0335,0333,0333,0333,0333,0331,0331,0331,0331,0333,0333,0337,0337,0337",
    "01074:0336,0336,0336,0333,0333,0333,0331,0333,0215,0332,0215,0332,0215,0333,0215,0333,0215,0331,0331,0331,0331,0333,0333,0337,0337,0337",
    "01073:0336,0336,0336,0333,0215,0333,0215,0330,0215,0215,0334,0215,0334,0215,0335,0335,0333,0331,0331,0331,0333,0333,0333,0333,0331,0337,0337,0337,",
    "01072:0336,0336,0336,0333,0215,0215,0335,0215,0335,0215,0335,0335,0330,0330,0215,0215,0334,0215,0334,0215,0335,0335,0331,0331,0331,0331,0333,0333,0333,0333,0333,0337,0337,0337",
    "01060:0336,0336,0336,0215,0215,0215,0215,0215,0335,0332,0215,0215,0215,0335,0332,0215,0215,0215,0215,0215,0335,0332,0215,0215,0215,0335,0333,0333,0333,0333,0333,0337,0337,0337",
    "01071:0336,0336,0336,0215,0331,0335,0215,0215,0215,0330,0334,0215,0215,0215,0215,0215,0330,0334,0215,0215,0215,0330,0334,0215,0215,0334,0333,0215,0215,0215,0334,0333,0331,0331,0331,0333,0333,0337,0337,0337,",
    "01070:0336,0336,0336,0215,0215,0330,0215,0215,0330,0335,0215,0215,0215,0335,0332,0215,0215,0335,0332,0215,0215,0215,0334,0334,0333,0333,0333,0331,0215,0215,0215,0332,0333,0334,0333,0215,0215,0331,0331,0333,0333,0337,0337,0337,",
    "01067:0336,0336,0336,0331,0333,0333,0215,0215,0215,0215,0333,0215,0333,0215,0215,0334,0215,0215,0215,0215,0335,0333,0333,0333,0333,0331,0331,0331,0331,0331,0331,0333,0333,0337,0337,0337",
    "01066:0336,0336,0336,0215,0215,0215,0215,0215,0335,0332,0215,0215,0215,0335,0332,0215,0330,0330,0335,0215,0215,0215,0331,0331,0331,0334,0215,0215,0330,0335,0215,0215,0215,0335,0333,0333,0333,0333,0333,0337,0337,0337",
    "01065:0336,0336,0336,0215,0335,0333,0215,0215,0215,0334,0333,0215,0215,0215,0330,0334,0215,0215,0215,0215,0335,0215,0215,0335,0215,0215,0215,0215,0334,0331,0331,0331,0331,0331,0331,0333,0333,0337,0337,0337",
    "01064:0336,0336,0336,0330,0215,0215,0333,0215,0333,0215,0333,0215,0335,0335,0215,0215,0215,0215,0335,0215,0215,0335,0333,0333,0335,0215,0335,0333,0215,0215,0335,0335,0333,0333,0333,0337,0337,0337,",
    "01063:0336,0336,0336,0215,0331,0335,0215,0215,0215,0334,0333,0215,0215,0330,0334,0215,0215,0335,0333,0333,0215,0215,0330,0334,0215,0215,0215,0334,0333,0215,0335,0335,0333,0333,0333,0333,0331,0331,0331,0331,0331,0333,0333,0337,0337,0337,",
    "01062:0336,0336,0336,0335,0331,0215,0215,0215,0215,0215,0334,0332,0332,0332,0215,0333,0215,0333,0215,0333,0215,0215,0334,0333,0215,0215,0215,0334,0333,0215,0335,0335,0333,0333,0333,0333,0331,0331,0331,0331,0331,0333,0333,0337,0337,0337,",
    "01061:0336,0336,0336,0335,0331,0215,0215,0215,0215,0215,0334,0332,0332,0215,0215,0215,0215,0215,0215,0334,0332,0215,0335,0333,0333,0333,0331,0331,0331,0331,0331,0333,0333,0337,0337,0337",
    "01043:0336,0336,0336,0331,0333,0215,0215,0215,0215,0215,0215,0215,0334,0332,0332,0215,0335,0335,0331,0333,0333,0215,0330,0215,0215,0215,0331,0334,0215,0215,0215,0215,0334,0332,0332,0215,0335,0335,0330,0215,0335,0330,0330,0333,0215,0215,0335,0335,0333,0333,0333,0337,0337,0337",
    "01044:0336,0336,0336,0333,0333,0331,0215,0215,0215,0215,0215,0215,0215,0335,0333,0215,0215,0335,0335,0330,0330,0215,0332,0215,0335,0335,0335,0215,0334,0215,0330,0215,0215,0335,0215,0335,0332,0215,0330,0215,0215,0335,0333,0333,0333,0333,0331,0333,0333,0337,0337,0337,",
    "01045:0336,0336,0336,0331,0215,0215,0333,0215,0333,0215,0333,0215,0333,0215,0215,0331,0331,0331,0332,0332,0215,0215,0215,0334,0215,0215,0334,0215,0215,0334,0215,0333,0333,0215,0215,0215,0335,0215,0215,0335,0215,0215,0335,0215,0333,0333,0331,0333,0333,0337,0337,0337",
    "01046:0336,0336,0336,0331,0215,0215,0215,0333,0215,0333,0215,0215,0332,0215,0335,0335,0333,0215,0215,0332,0330,0332,0215,0332,0215,0333,0215,0335,0215,0335,0333,0333,0333,0330,0215,0331,0331,0333,0333,0337,0337,0337,",
    "01041:0336,0336,0336,0333,0333,0331,0215,0215,0330,0215,0215,0215,0215,0333,0333,0331,0331,0331,0331,0331,0331,0333,0333,0337,0337,0337",
    "01042:0336,0336,0336,0333,0330,0330,0330,0215,0215,0215,0335,0335,0332,0332,0331,0215,0215,0215,0335,0335,0333,0331,0331,0331,0331,0333,0333,0337,0337,0337",
    "01047:0336,0336,0336,0333,0333,0330,0330,0330,0215,0215,0215,0331,0331,0331,0331,0331,0331,0333,0333,0333,0333,0337,0337,0337,",
    "01053:0336,0336,0336,0333,0333,0215,0215,0215,0215,0215,0334,0332,0332,0215,0215,0335,0335,0330,0330,0215,0215,0334,0333,0331,0331,0331,0333,0337,0337,0337",
    "01055:0336,0336,0336,0335,0332,0332,0332,0332,0331,0215,0215,0215,0215,0215,0332,0334,0331,0331,0331,0331,0331,0333,0333,0337,0337,0337,",
    "01057:0336,0336,0336,0331,0215,0333,0215,0333,0215,0333,0215,0333,0215,0331,0331,0331,0331,0333,0333,0337,0337,0337,",
    "01056:0336,0336,0336,0333,0331,0215,0215,0335,0215,0335,0215,0335,0335,0333,0333,0333,0333,0337,0337,0337,",
    "01054:0336,0336,0336,0333,0331,0215,0333,0215,0333,0331,0333,0333,0333,0337,0337,0337",
    "01052:0336,0336,0336,0333,0333,0331,0215,0215,0215,0215,0215,0215,0215,0331,0331,0331,0331,0331,0332,0215,0215,0215,0332,0215,0335,0335,0330,0215,0330,0215,0335,0335,0333,0333,0333,0331,0330,0215,0215,0215,0333,0215,0335,0335,0330,0215,0331,0330,0330,0215,0335,0335,0331,0333,0333,0337,0337,0337",
    "01051:0336,0336,0336,0335,0215,0330,0334,0215,0215,0215,0215,0215,0332,0215,0333,0333,0331,0331,0331,0331,0331,0331,0333,0333,0333,0337,0337,0337,",
    "01050:0336,0336,0336,0333,0333,0215,0215,0215,0215,0215,0333,0215,0335,0335,0330,0330,0330,0330,0330,0215,0335,0335,0333,0333,0333,0337,0337,0337"
];